0	0.7142857142857143	0.0028011204481792717	0.008403361344537815	0.1484593837535014	0.12605042016806722
1	0.09536784741144415	0.25340599455040874	0.0027247956403269754	0.3405994550408719	0.3079019073569482
2	0.20260178270296314	0.3842447602987232	0.1351481570705854	0.10720308359431463	0.17080221633341364
3	0.3626373626373626	0.054945054945054944	0.01098901098901099	0.5384615384615384	0.03296703296703297
4	0.529064039408867	0.20394088669950738	0.12118226600985221	0.11527093596059114	0.030541871921182268
5	0.32450331125827814	0.08609271523178808	0.36423841059602646	0.0728476821192053	0.152317880794702
6	0.11411665257819104	0.4640743871513102	0.08537616229923922	0.08030431107354184	0.25612848689771767
7	0.08483290488431877	0.29048843187660667	0.4498714652956298	0.012853470437017995	0.16195372750642673
8	0.16483516483516483	0.14285714285714285	0.4065934065934066	0.16483516483516483	0.12087912087912088
9	0.30120481927710846	0.2289156626506024	0.1566265060240964	0.30120481927710846	0.012048192771084338
10	0.0072992700729927005	0.051094890510948905	0.8540145985401459	0.08029197080291971	0.0072992700729927005
11	0.3280943025540275	0.21414538310412573	0.17485265225933203	0.005893909626719057	0.2770137524557957
12	0.36423841059602646	0.271523178807947	0.2052980132450331	0.0728476821192053	0.08609271523178808
13	0.10160427807486631	0.1657754010695187	0.058823529411764705	0.1836007130124777	0.49019607843137253
14	0.42857142857142855	0.02857142857142857	0.08571428571428572	0.02857142857142857	0.42857142857142855
15	0.1089588377723971	0.2929782082324455	0.002421307506053269	0.3898305084745763	0.20581113801452786
16	0.39398260373591903	0.14900898331669757	0.12220162555254527	0.12362754883787253	0.21117923855696563
17	0.0038188761593016913	0.20458265139116202	0.07364975450081833	0.06710310965630115	0.6508456082924168
18	0.008151008151008152	0.716001716001716	0.022737022737022737	0.2518232518232518	0.001287001287001287
19	0.0640176600441501	0.01545253863134658	0.3730684326710817	0.41721854304635764	0.13024282560706402
20	0.2097669256381798	0.24750277469478357	0.4295227524972253	0.1120976692563818	0.0011098779134295228
21	0.004784688995215311	0.0430622009569378	0.2727272727272727	0.03349282296650718	0.645933014354067
22	0.014084507042253521	0.323943661971831	0.07042253521126761	0.07042253521126761	0.5211267605633803
23	0.06517690875232775	0.00186219739292365	0.4028553693358163	0.029174425822470516	0.5009310986964618
24	0.24731182795698925	0.7204301075268817	0.010752688172043012	0.010752688172043012	0.010752688172043012
25	6.086427267194157E-4	0.4936092513694461	0.4960438222763238	0.007912355447352405	0.0018259281801582471
26	0.008547008547008548	0.6239316239316239	0.1111111111111111	0.008547008547008548	0.24786324786324787
27	0.4253773057574064	0.08216880939072108	0.22638345444382338	0.2655114589155953	5.589714924538849E-4
28	0.5473251028806584	0.3991769547325103	0.012345679012345678	0.00411522633744856	0.037037037037037035
29	0.13725490196078433	0.13725490196078433	0.37254901960784315	0.3333333333333333	0.0196078431372549
30	0.15987460815047022	0.7178683385579937	0.07836990595611286	0.009404388714733543	0.034482758620689655
31	0.2556349642660803	0.28092358438702586	0.008246289169873557	0.032435404068169325	0.422759758108851
32	0.1072961373390558	0.22746781115879827	0.030042918454935622	0.630901287553648	0.004291845493562232
33	0.6437246963562753	0.02834008097165992	0.012145748987854251	0.1902834008097166	0.12550607287449392
34	0.07878787878787878	0.06666666666666667	0.3656565656565657	0.38585858585858585	0.10303030303030303
35	0.0456140350877193	0.03298245614035088	0.312280701754386	0.013333333333333334	0.5957894736842105
36	0.28554641598119856	0.2502937720329025	0.3019976498237368	0.03407755581668625	0.12808460634547592
37	0.2972972972972973	0.13513513513513514	0.5135135135135135	0.02702702702702703	0.02702702702702703
38	0.0015748031496062992	0.311496062992126	0.09921259842519685	0.2755905511811024	0.3121259842519685
39	0.02040816326530612	0.7142857142857143	0.02040816326530612	0.02040816326530612	0.22448979591836735
40	0.0033222591362126247	0.0033222591362126247	0.9401993355481728	0.016611295681063124	0.036544850498338874
41	0.11287945770704391	0.1535514294134984	0.1535514294134984	0.01856763925729443	0.5614500442086648
42	0.36929460580912865	0.15352697095435686	0.07883817427385892	0.07053941908713693	0.3278008298755187
43	0.11504424778761062	0.008849557522123894	0.061946902654867256	0.8053097345132744	0.008849557522123894
44	0.04935064935064935	0.3090909090909091	0.5272727272727272	0.007792207792207792	0.10649350649350649
45	0.0016	0.0368	0.0176	0.1936	0.7504
46	0.012658227848101266	0.13924050632911392	0.012658227848101266	0.012658227848101266	0.8227848101265823
47	0.09565217391304348	0.11304347826086956	0.16521739130434782	0.6173913043478261	0.008695652173913044
48	0.007874015748031496	0.7322834645669292	0.007874015748031496	0.08661417322834646	0.16535433070866143
49	0.27830900855561147	0.0025163563160543532	0.004529441368897836	0.7111222949169602	0.0035228988424760945
50	0.273431448489543	0.41750580945003873	0.26258714175058095	0.045701006971340045	7.74593338497289E-4
51	0.005076142131979695	0.005076142131979695	0.27918781725888325	0.6751269035532995	0.03553299492385787
52	0.001447178002894356	0.6150506512301013	0.09985528219971057	0.056439942112879886	0.2272069464544139
53	0.03579952267303103	0.20763723150357996	0.4988066825775656	0.2553699284009546	0.002386634844868735
54	0.3299492385786802	0.14720812182741116	0.04568527918781726	0.4619289340101523	0.015228426395939087
55	0.04827586206896552	0.11724137931034483	0.3931034482758621	0.07586206896551724	0.36551724137931035
56	0.6352201257861635	0.1320754716981132	0.18238993710691823	0.031446540880503145	0.018867924528301886
57	0.3108910891089109	0.22772277227722773	0.005940594059405941	0.0297029702970297	0.42574257425742573
58	0.027712137486573578	0.27261009667024705	0.08614393125671321	0.15531686358754027	0.4582169709989259
59	0.12786885245901639	0.029508196721311476	0.003278688524590164	0.8360655737704918	0.003278688524590164
60	0.424	0.184	0.2	0.008	0.184
61	0.22696629213483147	0.017228464419475654	0.10711610486891386	0.13108614232209737	0.5176029962546816
62	0.2698412698412698	0.011732229123533472	0.4520358868184955	0.26570048309178745	6.901311249137336E-4
63	0.07713884992987377	0.07994389901823282	0.6213183730715287	0.22019635343618513	0.001402524544179523
64	0.2630022183879714	0.10525018486566429	0.35666748829184125	0.049543998028099584	0.22553611042642346
65	0.19504643962848298	0.30856553147574817	0.48194014447884415	0.013415892672858616	0.0010319917440660474
66	0.023671281822242072	0.1174631531933899	0.7990174184903975	0.059401518535060295	4.4662795891022776E-4
67	0.2640883977900553	0.7016574585635359	0.014364640883977901	0.01878453038674033	0.0011049723756906078
68	0.19083969465648856	0.007633587786259542	0.06870229007633588	0.22137404580152673	0.5114503816793893
69	0.46016260162601624	0.014634146341463415	0.34308943089430893	0.011382113821138212	0.17073170731707318
70	0.047619047619047616	0.11304980007270084	0.2846237731733915	0.544892766266812	0.009814612868047983
71	0.009187279151943463	0.4657243816254417	0.423321554770318	0.012014134275618375	0.08975265017667844
72	0.1262135922330097	0.8058252427184466	0.04854368932038835	0.009708737864077669	0.009708737864077669
73	0.3037542662116041	0.0034129692832764505	0.010238907849829351	0.5767918088737202	0.10580204778156997
74	0.5320829220138203	0.43928923988154	0.004935834155972359	0.02073050345508391	0.0029615004935834156
75	0.25522252497729336	0.1371480472297911	0.08991825613079019	0.2098092643051771	0.3079019073569482
76	0.0891089108910891	0.009900990099009901	0.009900990099009901	0.04950495049504951	0.8415841584158416
77	0.1452991452991453	0.008547008547008548	0.008547008547008548	0.36752136752136755	0.4700854700854701
78	0.45454545454545453	0.030303030303030304	0.3333333333333333	0.09090909090909091	0.09090909090909091
79	0.009345794392523364	0.17757009345794392	0.14018691588785046	0.514018691588785	0.1588785046728972
80	0.5308641975308642	0.012345679012345678	0.037037037037037035	0.3333333333333333	0.08641975308641975
81	0.0410958904109589	0.1506849315068493	0.0136986301369863	0.3698630136986301	0.4246575342465753
82	0.1282051282051282	0.23076923076923078	0.28205128205128205	0.23076923076923078	0.1282051282051282
83	0.09908409658617819	0.32722731057452126	0.26061615320566195	0.21731890091590342	0.09575353871773522
84	0.5032679738562091	0.16339869281045752	0.2549019607843137	0.0457516339869281	0.032679738562091505
85	0.01970933704957197	0.016523989647620942	0.44813856261198487	0.07624925343420266	0.43937885725661957
86	0.11587982832618025	0.2989985693848355	0.3648068669527897	0.09871244635193133	0.12160228898426323
87	0.2903225806451613	0.03225806451612903	0.16129032258064516	0.22580645161290322	0.2903225806451613
88	0.6328502415458938	0.10144927536231885	0.004830917874396135	0.004830917874396135	0.2560386473429952
89	0.1984691088026244	0.11208310552214325	0.06506287588846364	0.42154182613449975	0.202843083652269
90	0.4670280036133695	9.033423667570009E-4	0.2881662149954833	0.23577235772357724	0.008130081300813009
91	0.04	0.04	0.06666666666666667	0.6266666666666667	0.22666666666666666
92	0.21212121212121213	0.010101010101010102	0.010101010101010102	0.7171717171717171	0.050505050505050504
93	0.07784431137724551	0.32934131736526945	0.005988023952095809	0.08982035928143713	0.49700598802395207
94	0.7453580901856764	0.11936339522546419	0.002652519893899204	0.002652519893899204	0.129973474801061
95	0.6266666666666667	0.14666666666666667	0.04	0.013333333333333334	0.17333333333333334
96	0.0903522205206738	0.019908116385911178	0.8591117917304747	0.013782542113323124	0.016845329249617153
97	0.012567324955116697	0.4362657091561939	0.4649910233393178	0.02333931777378815	0.06283662477558348
98	0.3014354066985646	0.05263157894736842	0.49282296650717705	0.13875598086124402	0.014354066985645933
99	0.5163398692810458	0.006535947712418301	0.0196078431372549	0.42483660130718953	0.032679738562091505
100	0.01309049516220831	0.5811041548093341	5.691519635742744E-4	0.334092202618099	0.07114399544678429
101	0.6811594202898551	0.004830917874396135	0.004830917874396135	0.30434782608695654	0.004830917874396135
102	0.3014354066985646	0.004784688995215311	0.09090909090909091	0.215311004784689	0.3875598086124402
103	0.010901883052527254	0.9187314172447968	9.910802775024777E-4	9.910802775024777E-4	0.06838453914767097
104	0.12138728323699421	0.1676300578034682	0.3179190751445087	0.05202312138728324	0.34104046242774566
105	0.620253164556962	0.012658227848101266	0.31645569620253167	0.012658227848101266	0.0379746835443038
106	0.004219409282700422	0.02109704641350211	0.3333333333333333	0.012658227848101266	0.6286919831223629
107	0.3290897517504774	0.21069382558879696	0.400381922342457	0.01718650541056652	0.0426479949077021
108	0.013824884792626729	0.45622119815668205	0.21658986175115208	0.004608294930875576	0.3087557603686636
109	0.35969868173258	0.3672316384180791	0.0696798493408663	0.02824858757062147	0.1751412429378531
110	0.08188265635074146	0.11669890393294649	0.6479690522243714	0.1528046421663443	6.447453255963894E-4
111	0.14285714285714285	0.14285714285714285	0.01098901098901099	0.054945054945054944	0.6483516483516484
112	0.1540785498489426	0.19637462235649547	0.19637462235649547	0.13595166163141995	0.31722054380664655
113	0.3438735177865613	0.03557312252964427	0.48616600790513836	0.11462450592885376	0.019762845849802372
114	0.009174311926605505	0.6330275229357798	0.009174311926605505	0.009174311926605505	0.3394495412844037
115	0.2664310954063604	7.067137809187279E-4	0.051590106007067135	0.0035335689045936395	0.67773851590106
116	0.06666666666666667	0.2	0.7066666666666667	0.013333333333333334	0.013333333333333334
117	0.05527638190954774	0.02512562814070352	0.07537688442211055	0.7587939698492462	0.08542713567839195
118	0.004608294930875576	0.02304147465437788	0.880184331797235	0.05069124423963134	0.041474654377880185
119	0.0967741935483871	0.221505376344086	0.1010752688172043	0.5182795698924731	0.06236559139784946
120	0.0328750747160789	0.016138673042438732	0.8135086670651525	5.977286312014345E-4	0.13687985654512852
121	0.5816793893129771	0.10534351145038168	0.007633587786259542	0.1267175572519084	0.17862595419847327
122	0.07526881720430108	0.24731182795698925	0.03225806451612903	0.5913978494623656	0.053763440860215055
123	0.10650546919976972	0.3436960276338515	0.11341393206678181	0.4185377086931491	0.017846862406447898
124	0.03296703296703297	0.03296703296703297	0.14285714285714285	0.6263736263736264	0.16483516483516483
125	0.023001095290251915	0.001095290251916758	0.5815991237677984	0.3888280394304491	0.00547645125958379
126	0.5008787346221442	0.0017574692442882249	0.30755711775043937	0.0017574692442882249	0.18804920913884007
127	0.24324324324324326	0.22522522522522523	0.3333333333333333	0.1891891891891892	0.009009009009009009
128	0.0016207455429497568	0.1766612641815235	0.4619124797406807	0.3354943273905997	0.024311183144246355
129	0.44881889763779526	0.007874015748031496	0.007874015748031496	0.08661417322834646	0.44881889763779526
130	0.4156521739130435	0.02608695652173913	0.11304347826086956	0.13391304347826086	0.31130434782608696
131	0.7837837837837838	0.02702702702702703	0.02702702702702703	0.13513513513513514	0.02702702702702703
132	0.024657534246575342	0.5945205479452055	0.052054794520547946	0.3095890410958904	0.019178082191780823
133	0.3747779751332149	0.02664298401420959	0.4103019538188277	0.18650088809946713	0.0017761989342806395
134	0.08737864077669903	0.1262135922330097	0.3592233009708738	0.2815533980582524	0.14563106796116504
135	0.14418604651162792	0.013953488372093023	0.5348837209302325	0.3023255813953488	0.004651162790697674
136	0.09833024118738404	0.24675324675324675	0.3877551020408163	0.21706864564007422	0.05009276437847866
137	0.05666957279860506	0.11421098517872712	0.03923278116826504	0.5257192676547515	0.26416739319965127
138	0.391304347826087	0.21739130434782608	0.043478260869565216	0.13043478260869565	0.21739130434782608
139	0.5472527472527473	0.05934065934065934	0.024175824175824177	0.03296703296703297	0.3362637362637363
140	0.5368421052631579	0.24210526315789474	0.09473684210526316	0.010526315789473684	0.11578947368421053
141	0.003215434083601286	0.22186495176848875	0.5048231511254019	0.2090032154340836	0.06109324758842444
142	0.44	0.2571428571428571	0.22285714285714286	0.005714285714285714	0.07428571428571429
143	0.05912596401028278	0.6966580976863753	0.002570694087403599	0.23393316195372751	0.007712082262210797
144	0.5888501742160279	0.2264808362369338	0.03832752613240418	0.024390243902439025	0.12195121951219512
145	0.1450381679389313	0.6641221374045801	0.17557251908396945	0.007633587786259542	0.007633587786259542
146	0.6258992805755396	0.02158273381294964	0.007194244604316547	0.03597122302158273	0.30935251798561153
147	0.02092050209205021	0.5732217573221757	0.0041841004184100415	0.1799163179916318	0.2217573221757322
148	0.2235294117647059	0.058823529411764705	0.011764705882352941	0.15294117647058825	0.5529411764705883
149	0.17847025495750707	0.43342776203966005	0.025495750708215296	0.18413597733711048	0.17847025495750707
150	0.017543859649122806	0.09941520467836257	0.06432748538011696	0.5789473684210527	0.23976608187134502
151	0.0136986301369863	0.1506849315068493	0.0136986301369863	0.1506849315068493	0.6712328767123288
152	0.0196078431372549	0.45098039215686275	0.17647058823529413	0.3333333333333333	0.0196078431372549
153	0.3751205400192864	0.022179363548698167	0.01832208293153327	0.12246865959498554	0.46190935390549664
154	0.05502846299810247	0.27514231499051234	0.3927893738140417	0.16888045540796964	0.10815939278937381
155	0.007985803016858917	0.7657497781721384	0.0044365572315882874	0.2209405501330967	8.873114463176575E-4
156	0.7297297297297297	0.02702702702702703	0.02702702702702703	0.02702702702702703	0.1891891891891892
157	0.006060606060606061	0.7696969696969697	0.006060606060606061	0.16363636363636364	0.05454545454545454
158	0.3786407766990291	0.19741100323624594	0.21035598705501618	0.009708737864077669	0.20388349514563106
159	0.2413793103448276	0.7241379310344828	0.011494252873563218	0.011494252873563218	0.011494252873563218
160	0.8509316770186336	0.006211180124223602	0.018633540372670808	0.006211180124223602	0.11801242236024845
161	0.4234875444839858	0.29537366548042704	0.2526690391459075	0.010676156583629894	0.017793594306049824
162	0.5284552845528455	0.04065040650406504	0.008130081300813009	0.4146341463414634	0.008130081300813009
163	0.0053475935828877	0.7754010695187166	0.10160427807486631	0.0053475935828877	0.11229946524064172
164	0.011764705882352941	0.03529411764705882	0.9058823529411765	0.011764705882352941	0.03529411764705882
165	0.29896907216494845	0.07903780068728522	0.05154639175257732	0.5670103092783505	0.003436426116838488
166	0.46184738955823296	0.285140562248996	0.03614457831325301	0.21285140562248997	0.004016064257028112
167	0.05154639175257732	0.010309278350515464	0.5876288659793815	0.010309278350515464	0.3402061855670103
168	0.04704097116843703	0.007587253414264037	0.13808801213960548	0.7996965098634294	0.007587253414264037
169	0.16951788491446346	0.6267496111975117	0.18195956454121306	0.01088646967340591	0.01088646967340591
170	0.5633423180592992	0.22371967654986524	0.14285714285714285	0.06199460916442048	0.008086253369272238
171	0.3333333333333333	0.05982905982905983	0.452991452991453	0.008547008547008548	0.1452991452991453
172	0.03669112741827885	0.22881921280853904	0.1314209472981988	0.2341561040693796	0.36891260840560375
173	0.5016611295681063	0.04318936877076412	0.023255813953488372	0.06976744186046512	0.36212624584717606
174	0.10028889806025588	0.004539826661163846	0.13330581923235657	0.024349979364424266	0.7375154766817994
175	0.44223107569721115	0.00398406374501992	0.07569721115537849	0.043824701195219126	0.4342629482071713
176	0.05154639175257732	0.05154639175257732	0.05154639175257732	0.6907216494845361	0.15463917525773196
177	0.32972972972972975	0.6324324324324324	0.02702702702702703	0.005405405405405406	0.005405405405405406
178	0.13548387096774195	0.0064516129032258064	0.38064516129032255	0.0064516129032258064	0.47096774193548385
179	0.14893617021276595	0.07801418439716312	0.4326241134751773	0.04964539007092199	0.2907801418439716
180	0.18992654774396642	0.00944386149003148	0.06610703043022036	0.03462749213011543	0.6998950682056663
181	0.006134969325153374	0.2567922874671341	8.764241893076249E-4	0.12357581069237511	0.6126205083260298
182	0.004694835680751174	0.014084507042253521	0.051643192488262914	0.37089201877934275	0.5586854460093896
183	0.008695652173913044	0.008695652173913044	0.02608695652173913	0.6173913043478261	0.3391304347826087
184	0.0041841004184100415	0.05439330543933055	0.02092050209205021	0.2803347280334728	0.6401673640167364
185	0.45185185185185184	0.3037037037037037	0.21481481481481482	0.007407407407407408	0.022222222222222223
186	0.1709090909090909	0.2	0.49818181818181817	0.12	0.01090909090909091
187	0.058823529411764705	0.4117647058823529	0.4117647058823529	0.058823529411764705	0.058823529411764705
188	0.15288788221970556	0.007927519818799546	0.01245753114382786	0.10079275198187995	0.7259343148357871
189	0.6752136752136753	0.1794871794871795	0.07692307692307693	0.042735042735042736	0.02564102564102564
190	0.6989247311827957	0.07526881720430108	0.0035842293906810036	0.0035842293906810036	0.21863799283154123
191	0.45244311823946287	0.035434539350988434	0.45617306975009325	0.04214845207012309	0.013800820589332338
192	7.272727272727272E-4	0.37454545454545457	0.009454545454545455	0.5505454545454546	0.06472727272727273
193	0.02857142857142857	0.009523809523809525	0.009523809523809525	0.8476190476190476	0.10476190476190476
194	0.28421052631578947	0.2631578947368421	0.3263157894736842	0.11578947368421053	0.010526315789473684
195	0.8271604938271605	0.012345679012345678	0.037037037037037035	0.1111111111111111	0.012345679012345678
196	0.12317946186126882	0.01999506294742039	0.5541841520612194	0.2910392495680079	0.011602073562083436
197	0.20785746916400183	0.26815897670169025	0.43353129282777525	0.08908177249885793	0.0013704888076747374
198	0.07614213197969544	0.4010152284263959	0.025380710659898477	0.350253807106599	0.14720812182741116
199	0.270026525198939	0.06737400530503979	0.16180371352785147	0.014323607427055704	0.48647214854111404
200	0.2087912087912088	0.054945054945054944	0.03296703296703297	0.5824175824175825	0.12087912087912088
201	0.5566502463054187	0.0049261083743842365	0.07389162561576355	0.08374384236453201	0.28078817733990147
202	0.11462450592885376	0.02766798418972332	0.391304347826087	0.4624505928853755	0.003952569169960474
203	0.1774033696729435	0.39544103072348863	0.18929633300297324	0.014866204162537165	0.22299306243805747
204	0.16129032258064516	0.03225806451612903	0.3548387096774194	0.0967741935483871	0.3548387096774194
205	0.0054446460980036296	0.7168784029038112	0.0018148820326678765	0.04900181488203267	0.22686025408348456
206	0.05084745762711865	0.01694915254237288	0.7627118644067796	0.01694915254237288	0.15254237288135594
207	0.05239687848383501	0.0011148272017837235	0.023411371237458192	0.7212931995540691	0.20178372352285395
208	0.19327731092436976	0.07563025210084033	0.21008403361344538	0.21008403361344538	0.31092436974789917
209	0.014084507042253521	0.014084507042253521	0.014084507042253521	0.014084507042253521	0.9436619718309859
210	0.0637915543575921	0.03324348607367475	0.14645103324348607	0.3584905660377358	0.39802336028751123
211	0.2328767123287671	0.0136986301369863	0.0136986301369863	0.0136986301369863	0.726027397260274
212	0.12149532710280374	0.009345794392523364	0.028037383177570093	0.5327102803738317	0.308411214953271
213	0.1111111111111111	0.05982905982905983	0.452991452991453	0.008547008547008548	0.36752136752136755
214	0.23110151187904968	0.08423326133909287	0.0021598272138228943	0.30885529157667385	0.37365010799136067
215	0.012987012987012988	0.24675324675324675	0.06493506493506493	0.37662337662337664	0.2987012987012987
216	0.8070588235294117	0.007058823529411765	0.1416470588235294	4.7058823529411766E-4	0.04376470588235294
217	0.22765196662693682	0.003575685339690107	0.010727056019070322	0.3492252681764005	0.4088200238379023
218	0.5121951219512195	0.36585365853658536	0.024390243902439025	0.024390243902439025	0.07317073170731707
219	0.12335958005249344	0.7620297462817148	0.03062117235345582	0.006124234470691163	0.0778652668416448
220	0.12110726643598616	0.17647058823529413	0.010380622837370242	0.3217993079584775	0.370242214532872
221	0.0835030549898167	0.002036659877800407	0.29124236252545826	0.018329938900203666	0.604887983706721
222	0.037037037037037035	0.4074074074074074	0.4074074074074074	0.037037037037037035	0.1111111111111111
223	0.401330376940133	0.06873614190687362	0.09534368070953436	0.24611973392461198	0.188470066518847
224	0.2549019607843137	0.1408199643493761	0.0053475935828877	0.0017825311942959	0.5971479500891266
225	0.0053475935828877	0.016042780748663103	0.28342245989304815	0.1657754010695187	0.5294117647058824
226	0.006289308176100629	0.5345911949685535	0.3081761006289308	0.11949685534591195	0.031446540880503145
227	0.5079149706015378	0.036635006784260515	0.13794663048394393	4.522840343735866E-4	0.3170511080958842
228	0.0031746031746031746	0.5238095238095238	0.4603174603174603	0.009523809523809525	0.0031746031746031746
229	0.36585365853658536	0.007423117709437964	0.27465535524920465	0.3255567338282078	0.026511134676564158
230	0.3344439816743024	0.20366513952519782	0.13119533527696792	0.22782174094127447	0.1028738025822574
231	0.09355742296918768	0.42408963585434173	0.05434173669467787	0.3546218487394958	0.07338935574229692
232	0.4968986905582357	0.004824259131633356	0.20192970365265334	0.29427980702963474	0.002067539627842867
233	0.007385524372230428	0.04874446085672083	0.36484490398818314	0.5273264401772526	0.051698670605613
234	0.007072135785007072	0.355021216407355	0.26166902404526166	0.3635077793493635	0.01272984441301273
235	0.05263157894736842	0.05263157894736842	0.05263157894736842	0.5789473684210527	0.2631578947368421
236	0.3684210526315789	0.004048582995951417	0.2874493927125506	0.3360323886639676	0.004048582995951417
237	0.01098901098901099	0.0989010989010989	0.054945054945054944	0.16483516483516483	0.6703296703296703
238	0.3493975903614458	0.03614457831325301	0.46987951807228917	0.10843373493975904	0.03614457831325301
239	0.008264462809917356	0.23415977961432508	0.0027548209366391185	0.6639118457300276	0.09090909090909091
240	0.14754098360655737	0.48678487788558045	0.22114419538307126	0.00234192037470726	0.14218802275008363
241	0.04225352112676056	0.13802816901408452	0.12112676056338029	0.08169014084507042	0.6169014084507042
242	0.11004784688995216	0.1291866028708134	0.014354066985645933	0.5215311004784688	0.22488038277511962
243	0.11916110581506197	0.2869399428026692	0.04861773117254528	0.32507149666348906	0.2202097235462345
244	0.34497816593886466	0.09170305676855896	0.021834061135371178	0.42358078602620086	0.11790393013100436
245	0.0026034133641886026	0.04657217240381834	0.04657217240381834	0.0581428984668788	0.846109343361296
246	0.011494252873563218	0.05747126436781609	0.05747126436781609	0.011494252873563218	0.8620689655172413
247	0.0035842293906810036	0.8351254480286738	0.0967741935483871	0.053763440860215055	0.010752688172043012
248	0.3903448275862069	0.001379310344827586	0.08137931034482758	0.06482758620689655	0.46206896551724136
249	0.574468085106383	0.30023640661938533	0.054373522458628844	0.04964539007092199	0.02127659574468085
250	0.040735873850197106	0.001314060446780552	0.40867279894875164	0.19579500657030224	0.35348226018396844
251	0.11450381679389313	0.2824427480916031	0.007633587786259542	0.022900763358778626	0.5725190839694656
252	0.4916387959866221	0.0033444816053511705	0.010033444816053512	0.4916387959866221	0.0033444816053511705
253	0.048252911813643926	0.18469217970049917	0.6039933444259568	0.08818635607321132	0.07487520798668885
254	0.004484304932735426	0.48878923766816146	0.3452914798206278	0.013452914798206279	0.14798206278026907
255	0.44297082228116713	0.3559681697612732	0.08116710875331565	0.11830238726790451	0.0015915119363395225
256	0.6772823779193206	0.05732484076433121	0.06157112526539278	0.13800424628450106	0.06581740976645435
257	0.60381861575179	0.12171837708830549	0.026252983293556086	0.002386634844868735	0.2458233890214797
258	0.22264150943396227	0.42641509433962266	0.13962264150943396	0.0037735849056603774	0.20754716981132076
259	0.005025125628140704	0.5276381909547738	0.1457286432160804	0.005025125628140704	0.3165829145728643
260	0.1012987012987013	0.06147186147186147	0.0025974025974025974	0.5878787878787879	0.24675324675324675
261	0.012987012987012988	0.012987012987012988	0.11688311688311688	0.14285714285714285	0.7142857142857143
262	0.01818181818181818	0.09090909090909091	0.01818181818181818	0.5272727272727272	0.34545454545454546
263	0.14285714285714285	0.02857142857142857	0.02857142857142857	0.6571428571428571	0.14285714285714285
264	0.735191637630662	0.20557491289198607	0.017421602787456445	0.0313588850174216	0.010452961672473868
265	0.006896551724137931	0.11724137931034483	0.020689655172413793	0.5724137931034483	0.2827586206896552
266	0.11471610660486674	0.4183082271147161	0.06141367323290846	0.39745075318655854	0.008111239860950173
267	0.0017331022530329288	0.019064124783362217	0.6880415944540728	0.019064124783362217	0.2720970537261698
268	0.5636363636363636	0.337995337995338	0.0032634032634032634	4.662004662004662E-4	0.09463869463869463
269	0.3191489361702128	0.39404255319148934	0.12851063829787235	0.15574468085106383	0.002553191489361702
270	0.14285714285714285	0.5831087151841868	0.13926325247079965	0.1087151841868823	0.02605570530098832
271	0.2727272727272727	0.14285714285714285	0.012987012987012988	0.5324675324675324	0.03896103896103896
272	0.23595505617977527	0.19101123595505617	0.23595505617977527	0.011235955056179775	0.3258426966292135
273	0.0114305507447177	0.1936266020090059	0.03636993418773814	0.7561482507793558	0.0024246622791825423
274	0.30822596630327054	0.30426164519326065	0.014866204162537165	0.3379583746283449	0.03468780971258672
275	0.7362637362637363	0.054945054945054944	0.054945054945054944	0.03296703296703297	0.12087912087912088
276	0.006134969325153374	0.20245398773006135	0.6687116564417178	0.03067484662576687	0.09202453987730061
277	0.4482758620689655	0.2413793103448276	0.034482758620689655	0.034482758620689655	0.2413793103448276
278	0.15628415300546447	0.018579234972677595	0.41420765027322404	0.4098360655737705	0.001092896174863388
279	0.10891089108910891	0.009900990099009901	0.0891089108910891	0.7425742574257426	0.04950495049504951
280	0.04377104377104377	0.43434343434343436	0.5084175084175084	0.003367003367003367	0.010101010101010102
281	0.01195219123505976	0.6175298804780877	0.33067729083665337	0.027888446215139442	0.01195219123505976
282	0.40612076095947064	0.39619520264681557	0.15632754342431762	0.010752688172043012	0.030603804797353185
283	0.07692307692307693	0.0033444816053511705	0.6923076923076923	0.023411371237458192	0.2040133779264214
284	0.056910569105691054	0.08943089430894309	0.6585365853658537	0.008130081300813009	0.18699186991869918
285	0.5135135135135135	0.24324324324324326	0.13513513513513514	0.009009009009009009	0.0990990990990991
286	0.6525252525252525	0.1919191919191919	0.006060606060606061	0.12727272727272726	0.022222222222222223
287	0.007107133456172677	0.8078441695182943	0.08081073966833377	0.034482758620689655	0.06975519873650961
288	0.38701298701298703	0.05454545454545454	0.23636363636363636	0.0025974025974025974	0.3194805194805195
289	0.39293139293139295	0.29175329175329173	6.93000693000693E-4	0.004851004851004851	0.3097713097713098
290	0.14178403755868543	0.1136150234741784	0.02535211267605634	0.476056338028169	0.2431924882629108
291	0.01098901098901099	0.27472527472527475	0.03296703296703297	0.25274725274725274	0.42857142857142855
292	0.09818181818181818	0.5127272727272727	0.06909090909090909	0.13454545454545455	0.18545454545454546
293	0.3694915254237288	0.3220338983050847	0.26101694915254237	0.023728813559322035	0.023728813559322035
294	0.22997416020671835	0.22997416020671835	0.35400516795865633	0.002583979328165375	0.1834625322997416
295	0.020134228187919462	0.4899328859060403	0.006711409395973154	0.44966442953020136	0.03355704697986577
296	0.3365617433414044	0.5157384987893463	0.002421307506053269	0.05569007263922518	0.08958837772397095
297	0.14285714285714285	0.006802721088435374	0.08843537414965986	0.7006802721088435	0.061224489795918366
298	0.21777777777777776	0.0044444444444444444	0.013333333333333334	0.76	0.0044444444444444444
299	0.2867132867132867	0.2727272727272727	0.1048951048951049	0.23076923076923078	0.1048951048951049
300	0.43157894736842106	0.010526315789473684	0.010526315789473684	0.2	0.3473684210526316
301	0.004651162790697674	0.5255813953488372	0.22790697674418606	0.023255813953488372	0.2186046511627907
302	0.04721030042918455	0.48497854077253216	0.44206008583690987	0.012875536480686695	0.012875536480686695
303	0.01639344262295082	0.21311475409836064	0.7377049180327869	0.01639344262295082	0.01639344262295082
304	0.006622516556291391	0.046357615894039736	0.6556291390728477	0.19205298013245034	0.09933774834437085
305	0.01098901098901099	0.5677655677655677	0.003663003663003663	0.003663003663003663	0.4139194139194139
306	0.024054982817869417	0.003436426116838488	0.6632302405498282	0.12714776632302405	0.18213058419243985
307	0.30256410256410254	0.5487179487179488	0.005128205128205128	0.035897435897435895	0.1076923076923077
308	0.12708453133985048	0.5468660149511213	0.14778608395629672	0.17423806785508913	0.0040253018976423235
309	0.13515032312447317	0.02163529081202585	0.134588367518966	0.2762011801067716	0.4324248384377634
310	0.41885187810063784	0.03614457831325301	0.14953933380581147	0.31679659815733524	0.07866761162296244
311	0.5722543352601156	0.028901734104046242	0.09826589595375723	0.23699421965317918	0.06358381502890173
312	0.45644018340975406	0.019591496456857024	0.346394330971238	0.04210087536473531	0.13547311379741558
313	0.08571428571428572	0.0013605442176870747	0.006802721088435374	0.3986394557823129	0.507482993197279
314	0.014492753623188406	0.10144927536231885	0.42028985507246375	0.014492753623188406	0.4492753623188406
315	0.2646048109965636	0.09278350515463918	0.5395189003436426	0.05154639175257732	0.05154639175257732
316	0.13253012048192772	0.39759036144578314	0.27710843373493976	0.1566265060240964	0.03614457831325301
317	0.01639344262295082	0.01639344262295082	0.9344262295081968	0.01639344262295082	0.01639344262295082
318	0.16546762589928057	0.1223021582733813	0.19424460431654678	0.3381294964028777	0.17985611510791366
319	0.8145761031234506	0.004462072384729797	0.04610808130887457	0.08378780366881507	0.051065939514129896
320	0.15933669790915644	0.035328046142754144	0.5832732516222062	0.01658255227108868	0.2054794520547945
321	0.11967044284243049	0.1505664263645726	0.03274974253347065	0.21112255406797117	0.4858908341915551
322	0.0297029702970297	0.0297029702970297	0.1485148514851485	0.0297029702970297	0.7623762376237624
323	0.21495327102803738	0.03426791277258567	0.43302180685358255	0.059190031152647975	0.2585669781931464
324	0.3836224283985478	0.04154901169826543	0.057684550221863654	0.29245663574021785	0.22468737394110527
325	0.4588235294117647	0.12941176470588237	0.3411764705882353	0.03529411764705882	0.03529411764705882
326	0.6103896103896104	0.06493506493506493	0.012987012987012988	0.09090909090909091	0.22077922077922077
327	0.23404255319148937	0.0070921985815602835	0.40425531914893614	0.3475177304964539	0.0070921985815602835
328	0.12605042016806722	0.07563025210084033	0.24369747899159663	0.3949579831932773	0.15966386554621848
329	0.1656441717791411	0.1165644171779141	0.558282208588957	0.006134969325153374	0.15337423312883436
330	0.018315018315018316	0.6190476190476191	0.018315018315018316	0.06227106227106227	0.28205128205128205
331	0.3014354066985646	0.19617224880382775	0.004784688995215311	0.24401913875598086	0.2535885167464115
332	0.6170212765957447	0.0070921985815602835	0.02127659574468085	0.16312056737588654	0.19148936170212766
333	0.00425531914893617	0.02127659574468085	0.7191489361702128	0.1829787234042553	0.07234042553191489
334	0.5272727272727272	0.09090909090909091	0.01818181818181818	0.3090909090909091	0.05454545454545454
335	9.049773755656109E-4	0.015384615384615385	0.4171945701357466	0.12760180995475112	0.43891402714932126
336	0.2883435582822086	0.1165644171779141	0.3619631901840491	0.09202453987730061	0.1411042944785276
337	0.36936936936936937	0.009009009009009009	0.4954954954954955	0.02702702702702703	0.0990990990990991
338	0.11475409836065574	0.14754098360655737	0.2786885245901639	0.4426229508196721	0.01639344262295082
339	0.06172839506172839	0.20987654320987653	0.3333333333333333	0.012345679012345678	0.38271604938271603
340	0.5187165775401069	0.0374331550802139	0.1443850267379679	0.0053475935828877	0.29411764705882354
341	0.006185567010309278	0.00288659793814433	0.24701030927835052	0.5909278350515464	0.15298969072164947
342	0.004830917874396135	0.3526570048309179	0.6328502415458938	0.004830917874396135	0.004830917874396135
343	0.005714285714285714	0.005714285714285714	0.017142857142857144	0.33714285714285713	0.6342857142857142
344	0.3519163763066202	0.47735191637630664	0.003484320557491289	0.08013937282229965	0.08710801393728224
345	0.8305084745762712	0.0847457627118644	0.01694915254237288	0.05084745762711865	0.01694915254237288
346	0.5031367628607277	0.21706398996235884	0.01631116687578419	0.0012547051442910915	0.26223337515683814
347	0.504	0.008	0.008	0.472	0.008
348	0.00558659217877095	0.01675977653631285	0.3407821229050279	0.6312849162011173	0.00558659217877095
349	0.004739336492890996	0.5924170616113744	0.004739336492890996	0.3933649289099526	0.004739336492890996
350	0.08270676691729323	0.007518796992481203	0.03759398496240601	0.6390977443609023	0.23308270676691728
351	0.007832898172323759	0.14360313315926893	0.7650130548302873	0.044386422976501305	0.0391644908616188
352	0.011235955056179775	0.011235955056179775	0.14606741573033707	0.7752808988764045	0.056179775280898875
353	0.26810176125244617	0.10371819960861056	0.2837573385518591	0.01761252446183953	0.3268101761252446
354	0.013333333333333334	0.49333333333333335	0.38666666666666666	0.09333333333333334	0.013333333333333334
355	0.3617021276595745	0.44680851063829785	0.06382978723404255	0.06382978723404255	0.06382978723404255
356	0.003436426116838488	0.06529209621993128	0.010309278350515464	0.030927835051546393	0.8900343642611683
357	0.18562874251497005	0.041916167664670656	0.19760479041916168	0.5688622754491018	0.005988023952095809
358	0.452991452991453	0.008547008547008548	0.1794871794871795	0.02564102564102564	0.3333333333333333
359	0.031446540880503145	0.34591194968553457	0.018867924528301886	0.27044025157232704	0.3333333333333333
360	0.1310344827586207	0.2367816091954023	0.12183908045977011	0.37471264367816093	0.135632183908046
361	0.22033898305084745	0.01694915254237288	0.01694915254237288	0.6610169491525424	0.0847457627118644
362	0.08003369839932603	0.22999157540016849	0.016006739679865205	0.12047177759056445	0.5534962089300758
363	0.2758132956152758	0.24752475247524752	0.3352192362093352	0.14002828854314003	0.0014144271570014145
364	0.02408299370137088	0.6450537236013338	0.3204890700259355	3.705075954057058E-4	0.010003705075954057
365	0.049429657794676805	0.3231939163498099	0.04182509505703422	0.08745247148288973	0.49809885931558934
366	0.15926892950391644	0.4621409921671018	0.044386422976501305	0.2845953002610966	0.04960835509138381
367	0.1111111111111111	0.029239766081871343	0.005847953216374269	0.38011695906432746	0.47368421052631576
368	0.01875901875901876	0.06493506493506493	0.030303030303030304	0.6623376623376623	0.22366522366522368
369	0.25709372312983664	0.5202063628546861	0.18486672398968185	0.004299226139294927	0.03353396388650043
370	0.5687629578438148	0.33655839668279197	0.03248099516240498	0.03939184519695923	0.022805805114029024
371	0.029535864978902954	0.28270042194092826	0.6118143459915611	0.004219409282700422	0.07172995780590717
372	0.019157088122605363	0.5478927203065134	0.02681992337164751	0.3333333333333333	0.07279693486590039
373	0.19914346895074947	0.20342612419700215	0.45610278372591007	0.010706638115631691	0.13062098501070663
374	0.05185185185185185	0.037037037037037035	0.4666666666666667	0.4074074074074074	0.037037037037037035
375	0.3101160862354892	0.06467661691542288	0.014925373134328358	0.5953565505804311	0.014925373134328358
376	0.0036900369003690036	0.3210332103321033	0.6531365313653137	0.0036900369003690036	0.01845018450184502
377	0.011235955056179775	0.011235955056179775	0.033707865168539325	0.8876404494382022	0.056179775280898875
378	0.021834061135371178	0.12954876273653565	0.07714701601164484	0.32168850072780203	0.4497816593886463
379	0.022275737507525588	0.19927754364840458	0.006622516556291391	0.7664057796508128	0.005418422636965683
380	0.6283185840707964	0.13274336283185842	0.07374631268436578	0.0029498525073746312	0.16224188790560473
381	0.0029154518950437317	0.5801749271137027	0.14285714285714285	0.09037900874635568	0.1836734693877551
382	0.3394495412844037	0.027522935779816515	0.5412844036697247	0.06422018348623854	0.027522935779816515
383	0.0374331550802139	0.3689839572192513	0.01757066462948816	0.5080213903743316	0.06799083269671505
384	0.008130081300813009	0.008130081300813009	0.008130081300813009	0.9186991869918699	0.056910569105691054
385	0.11498257839721254	0.11498257839721254	0.24041811846689895	0.47735191637630664	0.05226480836236934
