0	0.1736420302760463	0.195013357079252	0.06856634016028496	0.07034728406055209	0.4924309884238646
1	0.005405405405405406	0.04864864864864865	0.02702702702702703	0.02702702702702703	0.8918918918918919
2	0.028773346794548207	0.08430085815244825	0.5436648157496214	0.14386673397274105	0.1993942453306411
3	0.02636916835699797	0.006085192697768763	0.002028397565922921	0.49290060851926976	0.4726166328600406
4	0.7680034497628289	0.009055627425614488	0.10823630875377317	4.3122035360068997E-4	0.11427339370418284
5	0.010706638115631691	0.9785867237687366	0.006423982869379015	0.0021413276231263384	0.0021413276231263384
6	0.05454545454545454	0.008484848484848486	0.2581818181818182	0.3478787878787879	0.33090909090909093
7	0.01098901098901099	0.03296703296703297	0.03296703296703297	0.9120879120879121	0.01098901098901099
8	0.8013010053222945	0.02897693672383205	0.09994086339444117	0.00768775872264932	0.06209343583678297
9	0.24853228962818003	0.2602739726027397	0.0684931506849315	0.4207436399217221	0.0019569471624266144
10	0.05389221556886228	0.001996007984031936	0.11776447105788423	0.8083832335329342	0.017964071856287425
11	0.4800125904941769	0.0708215297450425	0.10670443814919736	0.0966320428076802	0.24582939880390306
12	0.5567313345091123	0.2004703115814227	0.025279247501469725	0.20634920634920634	0.011169900058788948
13	0.03072734344612991	0.19875534811357448	0.5106962271489692	0.18475301439128744	0.0750680669000389
14	0.0019292604501607716	0.02122186495176849	0.7311897106109325	0.11768488745980707	0.12797427652733118
15	0.034482758620689655	0.10344827586206896	0.6551724137931034	0.10344827586206896	0.10344827586206896
16	8.50099178237461E-4	0.10002833663927459	0.37546047038821195	0.0025502975347123833	0.5211107962595636
17	0.034482758620689655	0.10344827586206896	0.034482758620689655	0.10344827586206896	0.7241379310344828
18	0.7142857142857143	0.02040816326530612	0.22448979591836735	0.02040816326530612	0.02040816326530612
19	0.004651162790697674	0.2589147286821705	0.2558139534883721	0.4790697674418605	0.0015503875968992248
20	0.1044776119402985	0.07462686567164178	0.40298507462686567	0.014925373134328358	0.40298507462686567
21	0.36771084337349397	0.10746987951807228	0.0014457831325301205	0.02457831325301205	0.4987951807228916
22	0.3028237585199611	0.06718597857838364	9.737098344693282E-4	0.439143135345667	0.189873417721519
23	0.010819165378670788	0.6012364760432767	0.00463678516228748	0.38176197836166925	0.0015455950540958269
24	0.004103967168262654	0.1491108071135431	0.04514363885088919	0.7209302325581395	0.08071135430916553
25	0.9534883720930233	0.012919896640826873	0.002583979328165375	0.028423772609819122	0.002583979328165375
26	0.3008130081300813	0.3333333333333333	0.12195121951219512	0.008130081300813009	0.23577235772357724
27	0.06666666666666667	0.06666666666666667	0.7333333333333333	0.06666666666666667	0.06666666666666667
28	0.9424460431654677	0.007194244604316547	0.03597122302158273	0.007194244604316547	0.007194244604316547
29	0.4303624965930771	2.725538293813028E-4	0.0019078768056691197	0.22758244753338785	0.3398746252384846
30	0.39715394566623546	0.00129366106080207	0.5239327296248383	0.0685640362225097	0.009055627425614488
31	0.21344800625488664	0.3526192337763878	0.17696116757883765	0.008079228563982278	0.24889236382590565
32	0.08982035928143713	0.029940119760479042	0.005988023952095809	0.017964071856287425	0.8562874251497006
33	0.008849557522123894	0.06548672566371681	0.14690265486725665	0.2	0.5787610619469027
34	0.4831099195710456	0.0016085790884718498	0.3297587131367292	5.361930294906167E-4	0.18498659517426275
35	0.5766148043375766	0.05799151343705799	0.2296086751532296	0.12211221122112212	0.013672795851013672
36	0.22512506948304614	0.10061145080600334	0.32073374096720403	0.20622568093385213	0.1473040578098944
37	0.7153419593345656	0.009242144177449169	0.14972273567467653	0.12014787430683918	0.005545286506469501
38	0.037037037037037035	0.7530864197530864	0.06172839506172839	0.13580246913580246	0.012345679012345678
39	0.505934065934066	0.0074725274725274725	0.30725274725274726	0.021538461538461538	0.1578021978021978
40	0.15789473684210525	0.023923444976076555	0.11961722488038277	0.6746411483253588	0.023923444976076555
41	0.04572098475967175	0.031652989449003514	0.1746776084407972	0.12075029308323564	0.6271981242672919
42	0.027160493827160494	0.2674897119341564	0.0551440329218107	0.02880658436213992	0.6213991769547325
43	0.05719237435008666	0.0017331022530329288	0.9064124783362218	0.008665511265164644	0.025996533795493933
44	0.3923257635082224	0.3014878621769773	0.2748629600626468	0.021143304620203602	0.010180109631949883
45	0.28564749883122953	0.5371669004207573	4.675081813931744E-4	0.1734455352968677	0.0032725572697522207
46	0.04225352112676056	0.014084507042253521	0.15492957746478872	0.7464788732394366	0.04225352112676056
47	0.003663003663003663	0.03296703296703297	0.06227106227106227	0.01098901098901099	0.8901098901098901
48	0.6127783155856728	9.68054211035818E-4	0.010648596321393998	0.02032913843175218	0.3552758954501452
49	0.04918032786885246	0.9016393442622951	0.022950819672131147	0.022950819672131147	0.003278688524590164
50	0.03829029385574354	0.5102404274265361	0.0026714158504007124	0.19323241317898487	0.25556544968833483
51	5.955926146515784E-4	0.18046456223942822	0.44848123883263846	0.0029779630732578916	0.36748064324002383
52	0.03944315545243619	0.20185614849187936	0.0069605568445475635	0.740139211136891	0.01160092807424594
53	0.23867069486404835	0.5589123867069486	0.1782477341389728	0.021148036253776436	0.0030211480362537764
54	0.4558303886925795	0.024734982332155476	0.045936395759717315	0.20141342756183744	0.27208480565371024
55	0.022900763358778626	0.007633587786259542	0.03816793893129771	0.9236641221374046	0.007633587786259542
56	0.07738867271941202	0.11024643320363164	0.5330739299610895	0.2788586251621271	4.3233895373973193E-4
57	0.01278772378516624	0.3350383631713555	0.0076726342710997444	0.5140664961636828	0.13043478260869565
58	4.7778308647873863E-4	4.7778308647873863E-4	0.5183946488294314	0.058767319636884856	0.4218824653607262
59	0.2675469075747047	0.14662960389159138	0.0660180681028492	0.20083391243919388	0.31897150799166085
60	0.8473282442748091	0.007633587786259542	0.03816793893129771	0.06870229007633588	0.03816793893129771
61	0.008403361344537815	0.19327731092436976	0.09243697478991597	0.36134453781512604	0.3445378151260504
62	0.16463909164639093	0.24087591240875914	0.0202757502027575	0.039740470397404706	0.5344687753446877
63	0.7386018237082067	0.00303951367781155	0.06382978723404255	0.19148936170212766	0.00303951367781155
64	0.746031746031746	0.09750566893424037	0.0022675736961451248	0.15192743764172337	0.0022675736961451248
65	0.031237948322406478	0.130736598534516	0.03895102198225993	0.003470883146934053	0.7956035480138836
66	0.5233415233415234	0.03194103194103194	0.085995085995086	0.002457002457002457	0.35626535626535627
67	0.054945054945054944	0.01098901098901099	0.07692307692307693	0.31868131868131866	0.5384615384615384
68	0.23452157598499063	0.024390243902439025	0.001876172607879925	0.6585365853658537	0.08067542213883677
69	0.014925373134328358	0.07462686567164178	0.43283582089552236	0.07462686567164178	0.40298507462686567
70	0.35650830436461955	0.04596369254538432	0.013518733101583623	0.022788721514098106	0.5612205484743145
71	0.4728682170542636	0.3178294573643411	0.17829457364341086	0.007751937984496124	0.023255813953488372
72	0.6082474226804123	0.010309278350515464	0.17525773195876287	0.1134020618556701	0.09278350515463918
73	0.09090909090909091	0.09090909090909091	0.09090909090909091	0.2727272727272727	0.45454545454545453
74	0.41597796143250687	0.046831955922865015	0.2231404958677686	0.12396694214876033	0.19008264462809918
75	0.015873015873015872	0.047619047619047616	0.8412698412698413	0.047619047619047616	0.047619047619047616
76	0.17062863180137347	0.11780243000528262	0.001584786053882726	0.20126782884310618	0.508716323296355
77	0.5362318840579711	0.2753623188405797	0.15942028985507245	0.014492753623188406	0.014492753623188406
78	0.008737092930897538	0.09451945988880063	0.04209690230341541	0.5615567911040509	0.2930897537728356
79	0.15467708572741898	0.4309354171454838	0.21075614801195128	0.20340151689266836	2.2983222247759135E-4
80	0.14960629921259844	0.0015748031496062992	0.7165354330708661	0.0015748031496062992	0.13070866141732285
81	0.021815622800844477	0.08374384236453201	0.47642505277973257	0.10767065446868403	0.3103448275862069
82	0.032795997776542525	0.16175653140633686	0.18621456364647027	0.0027793218454697055	0.6164535853251807
83	0.005141962888441762	0.26626425217974514	0.0038005812653699976	0.158953722334004	0.5658394813324391
84	4.6274872744099955E-4	0.09116149930587691	4.6274872744099955E-4	0.4095326237852846	0.4983803794539565
85	0.09316770186335403	0.5652173913043478	0.055900621118012424	0.043478260869565216	0.2422360248447205
86	5.837711617046118E-4	0.005253940455341506	0.19206071220081727	0.8003502626970228	0.0017513134851138354
87	0.03975299112311849	0.2913932844461598	0.01968351987649556	0.34002315708220765	0.30914704747201854
88	0.23497267759562843	0.5890710382513661	0.007650273224043716	0.04262295081967213	0.12568306010928962
89	0.011817953231078702	0.09026904702036712	0.19839074679406588	0.07317073170731707	0.6263515212471712
90	0.015384615384615385	0.9032967032967033	0.01098901098901099	0.03296703296703297	0.03736263736263736
91	0.022754491017964073	0.0011976047904191617	0.6862275449101797	0.22874251497005987	0.06107784431137724
92	0.05691906005221932	0.09869451697127937	0.4454308093994778	5.221932114882506E-4	0.39843342036553525
93	0.019818609338259994	0.27981189116560296	0.20188108834397045	0.09774941215989251	0.4007389989922741
94	0.7454228421970357	0.042720139494333044	8.718395815170009E-4	0.00959023539668701	0.2013949433304272
95	0.034766355140186916	0.34429906542056077	0.4250467289719626	3.7383177570093456E-4	0.1955140186915888
96	8.396305625524769E-4	0.21074727120067172	0.0025188916876574307	8.396305625524769E-4	0.7850545759865659
97	0.23278688524590163	0.5672131147540984	0.14098360655737704	0.029508196721311476	0.029508196721311476
98	0.5796687607081668	0.07824100513992005	0.04283266704740148	0.1262135922330097	0.173043974871502
99	0.012869038607115822	0.5563966691900075	7.57002271006813E-4	0.3111279333838001	0.11884935654806965
100	0.2994161801501251	0.23102585487906588	0.1993327773144287	0.16930775646371976	0.10091743119266056
101	0.19218241042345277	0.0749185667752443	0.016286644951140065	0.7133550488599348	0.003257328990228013
102	0.0029615004935834156	0.014807502467917079	0.35636722606120436	0.0384995064165844	0.5873642645607108
103	0.037410453701247015	0.019368532767312284	0.11010878217033696	0.2608118864420271	0.5723003449190767
104	0.001422475106685633	0.021337126600284494	0.4850640113798009	0.4907539118065434	0.001422475106685633
105	0.050445103857566766	0.5192878338278932	0.10385756676557864	0.31750741839762614	0.008902077151335312
106	0.5348226018396847	0.003942181340341655	0.001314060446780552	0.011826544021024968	0.4480946123521682
107	0.004975124378109453	0.3333333333333333	0.36318407960199006	0.004975124378109453	0.2935323383084577
108	0.10418521816562779	0.029385574354407838	0.3143365983971505	0.4959928762243989	0.05609973285841496
109	0.04527966854098846	0.22521456052086417	0.13347144125480911	0.3862089375554898	0.20982539212784848
110	0.6021390374331551	0.022459893048128343	0.0053475935828877	0.0032085561497326204	0.36684491978609624
111	0.0022172949002217295	0.0022172949002217295	0.011086474501108648	0.9778270509977827	0.0066518847006651885
112	0.13967861557478367	0.65389369592089	0.20395550061804696	0.0012360939431396785	0.0012360939431396785
113	0.013100436681222707	0.021834061135371178	0.03056768558951965	0.3799126637554585	0.5545851528384279
114	0.09878499735868991	0.5245641838351822	0.030110935023771792	0.20443740095087162	0.1421024828314844
115	0.09390315624387376	0.1256616349735346	0.5048029798078808	0.008037639678494413	0.26759458929621643
116	0.4305750350631136	0.001402524544179523	0.5259467040673211	0.004207573632538569	0.037868162692847124
117	0.6460767946577629	0.005008347245409015	0.001669449081803005	0.011686143572621035	0.335559265442404
118	0.8046511627906977	0.07906976744186046	0.05116279069767442	0.06046511627906977	0.004651162790697674
119	0.05263157894736842	0.007518796992481203	0.8796992481203008	0.007518796992481203	0.05263157894736842
120	0.4860335195530726	0.03910614525139665	0.00558659217877095	0.18435754189944134	0.2849162011173184
121	0.23471698113207548	0.2724528301886792	7.547169811320754E-4	0.0022641509433962265	0.489811320754717
122	0.0022675736961451248	0.024943310657596373	0.3832199546485261	0.015873015873015872	0.5736961451247166
123	0.05084745762711865	0.005649717514124294	0.005649717514124294	0.3220338983050847	0.615819209039548
124	0.35588633288227334	0.08795669824086604	0.5534506089309879	0.0013531799729364006	0.0013531799729364006
125	0.2774438468838975	0.10344827586206896	0.530528313824739	0.08067067383739324	0.007908889591901298
126	0.2392300641613199	0.13290559120073328	0.002749770852428964	0.42071494042163154	0.20439963336388633
127	0.0017513134851138354	0.7723292469352014	0.08581436077057793	0.09632224168126094	0.043782837127845885
128	0.6483516483516484	0.01098901098901099	0.2087912087912088	0.054945054945054944	0.07692307692307693
129	0.006660323501427212	0.3910561370123692	0.0028544243577545195	0.5946717411988582	0.004757373929590866
130	0.31353711790393013	0.0026200873362445414	0.004366812227074236	0.3205240174672489	0.3589519650655022
131	0.8637992831541219	0.010752688172043012	0.11827956989247312	0.0035842293906810036	0.0035842293906810036
132	0.38603577611079054	0.291402192729371	0.009809578765147143	0.2994806693594922	0.013271783035199077
133	0.33502109704641353	8.438818565400844E-4	8.438818565400844E-4	0.2759493670886076	0.38734177215189874
134	0.43390357698289267	0.22032141005702435	0.3312597200622084	0.0015552099533437014	0.012960082944530845
135	0.2	0.3672316384180791	0.13220338983050847	0.2994350282485876	0.0011299435028248588
136	0.1512316806984721	0.005300904271905207	0.3632678515746804	0.11318989710009354	0.3670096663548488
137	0.22595078299776286	0.006711409395973154	0.0022371364653243847	0.015659955257270694	0.7494407158836689
138	0.06645694062131341	0.22139205662603226	0.4077860794337397	0.19229256783326779	0.11207235548564687
139	0.23068493150684932	0.3632876712328767	0.18136986301369862	0.03561643835616438	0.18904109589041096
140	0.0012836970474967907	0.4557124518613607	0.021822849807445442	0.5147625160462131	0.006418485237483954
141	0.024066968957098013	0.27799093128705965	0.22846180676665503	0.05545866759679107	0.41402162539239623
142	0.17592051431911163	0.30566919929865577	0.2741087083576856	0.1712448860315605	0.07305669199298656
143	0.10344827586206896	0.2413793103448276	0.10344827586206896	0.5172413793103449	0.034482758620689655
144	0.5385980479148181	0.03637976929902396	0.21029281277728482	0.16592724046140195	0.048802129547471165
145	0.014297729184188394	0.08662741799831791	0.06980656013456686	0.004205214465937763	0.8250630782169891
146	0.00618921308576481	0.00618921308576481	0.830238726790451	0.023872679045092837	0.13351016799292661
147	0.13710958178930652	0.03229221810481736	0.505558496559026	0.2451032292218105	0.0799364743250397
148	0.19466376259188675	0.3640076231962973	0.3988565205554043	0.020419275796351756	0.022052817860059897
149	0.061224489795918366	0.3877551020408163	0.10204081632653061	0.42857142857142855	0.02040816326530612
150	0.04935064935064935	0.3229437229437229	0.3904761904761905	0.129004329004329	0.10822510822510822
151	0.5281933256616801	0.0034522439585730723	0.005753739930955121	0.05638665132336018	0.4062140391254315
152	0.5123389725283253	1.552072016141549E-4	0.14946453515443117	0.07931088002483315	0.2587304050907962
153	0.008631319358816275	0.0012330456226880395	0.18618988902589395	0.6942046855733662	0.10974106041923551
154	0.11392405063291139	0.34177215189873417	0.0379746835443038	0.4936708860759494	0.012658227848101266
155	0.0013245033112582781	0.4119205298013245	0.006622516556291391	0.009271523178807948	0.5708609271523178
156	0.13441457453899133	0.19040213285936458	0.37169517884914466	0.11397467229504554	0.1895134414574539
157	0.40235910878112713	0.1559633027522936	0.22411533420707733	0.20576671035386632	0.011795543905635648
158	0.022556390977443608	0.2631578947368421	0.14285714285714285	0.03759398496240601	0.5338345864661654
159	0.2631578947368421	0.5789473684210527	0.017543859649122806	0.12280701754385964	0.017543859649122806
160	0.07448494453248812	0.4706814580031696	0.042789223454833596	0.004754358161648178	0.40729001584786056
161	0.00395882818685669	0.3333333333333333	0.22406967537608868	0.043547110055423596	0.3950910530482977
162	0.008849557522123894	0.22123893805309736	0.23893805309734514	0.008849557522123894	0.5221238938053098
163	0.12280701754385964	0.017543859649122806	0.3684210526315789	0.08771929824561403	0.40350877192982454
164	0.001040582726326743	0.009365244536940686	0.8813735691987513	0.10301768990634755	0.005202913631633715
165	0.43558282208588955	0.3987730061349693	0.006134969325153374	0.15337423312883436	0.006134969325153374
166	0.004878048780487805	0.9804878048780488	0.004878048780487805	0.004878048780487805	0.004878048780487805
167	0.20993227990970656	0.10609480812641084	0.020316027088036117	0.6613995485327314	0.002257336343115124
168	7.818608287724785E-4	7.818608287724785E-4	0.0023455824863174357	0.11493354182955434	0.8811571540265832
169	8.748906386701663E-4	8.748906386701663E-4	0.5415573053368329	0.4540682414698163	0.0026246719160104987
170	0.0036974789915966387	0.027899159663865546	0.5038655462184874	0.012436974789915966	0.45210084033613446
171	0.7316017316017316	0.004329004329004329	0.004329004329004329	0.08225108225108226	0.1774891774891775
172	0.2170212765957447	0.48936170212765956	0.00425531914893617	0.00425531914893617	0.2851063829787234
173	0.11802701115678214	0.3458602466236054	0.3576042278332355	5.871990604815032E-4	0.17792131532589547
174	0.4006349206349206	0.29904761904761906	0.1657142857142857	0.04507936507936508	0.08952380952380952
175	0.0014184397163120568	0.7446808510638298	0.2198581560283688	0.00425531914893617	0.029787234042553193
176	0.31645569620253167	0.012658227848101266	0.21518987341772153	0.0379746835443038	0.4177215189873418
177	0.5701492537313433	9.950248756218905E-4	9.950248756218905E-4	0.42686567164179107	9.950248756218905E-4
178	4.4863167339614175E-4	0.28667563930013457	0.27052489905787347	0.44100493494840737	0.0013458950201884253
179	0.047619047619047616	0.1111111111111111	0.2290249433106576	0.41043083900226757	0.2018140589569161
180	0.03225806451612903	0.2903225806451613	0.03225806451612903	0.03225806451612903	0.6129032258064516
181	0.10697674418604651	0.627906976744186	0.2558139534883721	0.004651162790697674	0.004651162790697674
182	0.007874015748031496	0.21609798775153105	0.0026246719160104987	0.5905511811023622	0.18285214348206474
183	0.025411061285500747	0.004484304932735426	0.14200298953662183	0.3243647234678625	0.5037369207772795
184	0.16220109478536446	0.12244309997118986	0.29703255545952173	0.17084413713627197	0.24747911264765196
185	0.28870292887029286	0.20502092050209206	0.39748953974895396	0.10460251046025104	0.0041841004184100415
186	0.004366812227074236	0.7903930131004366	0.1965065502183406	0.004366812227074236	0.004366812227074236
187	0.0016844469399213925	0.3228523301516002	0.0016844469399213925	0.2543514879281303	0.4194272880404267
188	0.5406911928651059	0.021181716833890748	0.012263099219620958	0.05016722408026756	0.3756967670011148
189	0.006535947712418301	0.058823529411764705	0.24183006535947713	0.13725490196078433	0.5555555555555556
190	0.367954167436703	0.004620218074293107	1.8480872297172427E-4	0.4714470523008686	0.15579375346516355
191	0.08029197080291971	0.7956204379562044	0.0072992700729927005	0.08029197080291971	0.0364963503649635
192	0.0297029702970297	0.06930693069306931	0.3465346534653465	0.06930693069306931	0.48514851485148514
193	0.0038910505836575876	0.00648508430609598	0.040207522697795074	0.6083009079118028	0.3411154345006485
194	0.04242424242424243	0.10303030303030303	0.006060606060606061	0.5515151515151515	0.296969696969697
195	0.02520308269110602	0.04644865652988961	0.08852322432826494	0.2484898979379296	0.5913351385128098
196	0.15121951219512195	0.13170731707317074	0.004878048780487805	0.3853658536585366	0.32682926829268294
197	0.0273224043715847	0.08196721311475409	0.030965391621129327	0.18761384335154827	0.6721311475409836
198	0.008547008547008548	0.6068376068376068	0.19658119658119658	0.008547008547008548	0.1794871794871795
199	0.003257328990228013	0.6899022801302932	6.514657980456026E-4	0.16351791530944626	0.14267100977198696
200	8.795074758135445E-4	0.0870712401055409	8.795074758135445E-4	0.5391380826737028	0.3720316622691293
201	0.12350597609561753	0.00398406374501992	0.6812749003984063	0.0199203187250996	0.17131474103585656
202	0.02304147465437788	0.004608294930875576	0.004608294930875576	0.7235023041474654	0.24423963133640553
203	0.34491315136476425	0.26054590570719605	0.23573200992555832	0.10669975186104218	0.052109181141439205
204	0.28051391862955033	0.29336188436830835	0.0021413276231263384	0.06638115631691649	0.3576017130620985
205	0.19679251587036417	0.005011693952555964	0.18944203140661545	0.4988306047444036	0.10992315402606082
206	0.003389830508474576	0.05084745762711865	0.010169491525423728	0.2	0.735593220338983
207	0.006802721088435374	0.02040816326530612	0.8231292517006803	0.006802721088435374	0.14285714285714285
208	0.0012360939431396785	0.0012360939431396785	0.2088998763906057	0.011124845488257108	0.7775030902348579
209	0.25047801147227533	0.5908221797323135	0.01338432122370937	0.09369024856596558	0.05162523900573614
210	0.00411522633744856	0.697119341563786	0.2905349794238683	0.00411522633744856	0.00411522633744856
211	0.02241869276918219	0.30975686769813704	0.06030944111146195	0.12977581307230818	0.47773918534891063
212	0.23741007194244604	0.02073635209479475	0.0021159542953872196	0.05289885738468049	0.6868387642826915
213	0.005847953216374269	0.005847953216374269	0.22807017543859648	0.6491228070175439	0.1111111111111111
214	0.26237852845904674	0.5335492827394724	4.6274872744099955E-4	0.003239241092086997	0.2003701989819528
215	4.1135335252982314E-4	0.24064171122994651	0.3805018510900864	0.3747429041546689	0.003702180172768408
216	0.4074074074074074	0.1111111111111111	0.037037037037037035	0.1111111111111111	0.3333333333333333
217	0.0022675736961451248	0.0022675736961451248	0.0022675736961451248	0.2290249433106576	0.764172335600907
218	0.4358662613981763	6.079027355623101E-4	0.2838905775075988	0.25957446808510637	0.02006079027355623
219	0.04046877861197583	0.4356344991759751	0.06866874198864677	0.0466947445522798	0.4085332356711225
220	0.5607843137254902	0.00392156862745098	0.011764705882352941	0.4196078431372549	0.00392156862745098
221	0.0012453300124533001	0.008717310087173101	0.24533001245330013	0.2129514321295143	0.5317559153175592
222	0.12806539509536785	0.3188010899182561	0.5422343324250681	0.008174386920980926	0.0027247956403269754
223	0.007518796992481203	0.12481203007518797	0.281203007518797	0.0015037593984962407	0.5849624060150376
224	0.6687116564417178	0.10429447852760736	0.03067484662576687	0.006134969325153374	0.1901840490797546
225	0.15084915084915085	0.2360972360972361	0.028305028305028304	0.11155511155511155	0.4731934731934732
226	0.008450704225352112	0.6281690140845071	0.0028169014084507044	0.0028169014084507044	0.35774647887323946
227	0.0717201166180758	1.9436345966958212E-4	0.18211856171039845	0.3807580174927114	0.3652089407191448
228	0.0038953811908736783	0.2609905397885364	0.21758486366165833	0.18419588202559822	0.3333333333333333
229	0.19770474700052165	0.35524256651017216	0.09441836202399582	0.00782472613458529	0.3448095983307251
230	0.039221140472879	0.6200278164116829	0.08539638386648123	0.25507649513212793	2.781641168289291E-4
231	0.7363253856942497	0.18373071528751753	0.051893408134642355	0.012622720897615708	0.015427769985974754
232	0.8857142857142857	0.02857142857142857	0.02857142857142857	0.02857142857142857	0.02857142857142857
233	0.016574585635359115	0.049723756906077346	0.9116022099447514	0.016574585635359115	0.0055248618784530384
234	0.6558414171235766	0.05440742302825812	0.0012652889076339097	0.052720371151412905	0.2357654997891185
235	0.0036900369003690036	0.8819188191881919	0.0036900369003690036	0.09225092250922509	0.01845018450184502
236	0.12446351931330472	0.3648068669527897	0.296137339055794	0.06437768240343347	0.15021459227467812
237	0.4301250679717238	0.1723762914627515	0.0038064165307232192	0.15497553017944535	0.23871669385535618
238	0.024390243902439025	0.17073170731707318	0.3170731707317073	0.4146341463414634	0.07317073170731707
239	0.7973568281938326	0.1013215859030837	0.004405286343612335	0.05726872246696035	0.039647577092511016
240	0.2235294117647059	0.03529411764705882	0.058823529411764705	0.011764705882352941	0.6705882352941176
241	0.41159627773801	7.158196134574087E-4	0.2927702219040802	0.278453829634932	0.0164638511095204
242	0.14285714285714285	0.14285714285714285	0.14285714285714285	0.14285714285714285	0.42857142857142855
243	0.4756931940943464	0.21498019445444724	0.30284479654303204	0.0010803024846957148	0.005401512423478574
244	0.09076803723816912	0.16834755624515127	0.003878975950349108	0.01474010861132661	0.7222653219550039
245	0.47606679035250465	0.007050092764378479	0.4085343228200371	0.08571428571428572	0.022634508348794064
246	0.00411522633744856	0.09465020576131687	0.2757201646090535	0.522633744855967	0.102880658436214
247	0.2737535277516463	0.04985888993414864	0.0028222013170272815	0.6425211665098777	0.031044214487300093
248	0.1724137931034483	0.034482758620689655	0.2413793103448276	0.4482758620689655	0.10344827586206896
249	0.5422343324250681	0.27520435967302453	0.11534968210717529	0.008174386920980926	0.05903723887375113
250	0.002036659877800407	0.8492871690427699	0.09979633401221996	0.03054989816700611	0.018329938900203666
251	0.9617321248741189	0.015105740181268883	0.015105740181268883	0.0030211480362537764	0.005035246727089627
252	0.05263157894736842	0.005847953216374269	0.05263157894736842	0.21637426900584794	0.672514619883041
253	0.001610305958132045	0.11755233494363929	0.027375201288244767	0.22061191626409019	0.6328502415458938
254	0.3202614379084967	0.17647058823529413	0.006535947712418301	0.006535947712418301	0.49019607843137253
255	0.7865967802321228	0.057281916885061776	0.07749906402096593	0.06551853238487458	0.013103706476974916
256	0.20820446036138696	0.28666775191274624	0.33387595637310763	0.1697867491453687	0.001465082207390526
257	0.08387096774193549	0.03225806451612903	0.01935483870967742	0.8580645161290322	0.0064516129032258064
258	0.03829787234042553	0.03829787234042553	0.00425531914893617	0.5914893617021276	0.3276595744680851
259	0.07420494699646643	0.2508833922261484	0.4204946996466431	0.22968197879858657	0.024734982332155476
260	0.08283313325330131	0.09483793517406963	0.1332533013205282	0.5678271308523409	0.1212484993997599
261	0.10204081632653061	0.7959183673469388	0.02040816326530612	0.061224489795918366	0.02040816326530612
262	0.006535947712418301	0.6688453159041394	0.006535947712418301	0.002178649237472767	0.3159041394335512
263	0.01956745623069001	0.7713697219361483	0.17404737384140062	0.03398558187435633	0.0010298661174047373
264	0.6204379562043796	0.1386861313868613	0.021897810218978103	0.1386861313868613	0.08029197080291971
265	0.43483870967741933	0.0012903225806451613	0.36774193548387096	0.024516129032258065	0.17161290322580644
266	0.0024937655860349127	0.0024937655860349127	0.29177057356608477	0.3865336658354115	0.3167082294264339
267	0.6312849162011173	0.24022346368715083	0.027932960893854747	0.09497206703910614	0.00558659217877095
268	0.1111111111111111	0.1111111111111111	0.1111111111111111	0.5555555555555556	0.1111111111111111
269	0.04758445332364693	0.47402833272793315	0.18270977115873593	0.2524518706865238	0.043225572103160186
270	0.00546448087431694	0.030965391621129327	0.1766848816029144	0.13296903460837886	0.6539162112932605
271	0.12727272727272726	0.2727272727272727	0.5757575757575758	0.006060606060606061	0.01818181818181818
272	0.1115140525838622	0.5757026291931097	0.0027198549410698096	0.22937443336355395	0.08068902991840435
273	0.002313030069390902	0.6607555898226677	0.002313030069390902	0.08712413261372398	0.24749421742482652
274	8.481764206955047E-4	0.043256997455470736	0.9525021204410518	0.002544529262086514	8.481764206955047E-4
275	0.3497164461247637	0.277882797731569	0.11909262759924386	0.24889729048519219	0.004410838059231254
276	0.003436426116838488	0.18213058419243985	0.6151202749140894	0.06529209621993128	0.13402061855670103
277	0.010526315789473684	0.05263157894736842	0.5578947368421052	0.010526315789473684	0.3684210526315789
278	0.002012072434607646	0.5291750503018109	0.4607645875251509	0.006036217303822937	0.002012072434607646
279	0.44208037825059104	0.002364066193853428	0.0070921985815602835	0.41371158392434987	0.1347517730496454
280	0.4934589220303506	0.06541077969649398	0.0026164311878597592	0.33124018838304553	0.10727367870225013
281	0.13419309864064133	0.11049146043917742	0.3851516207737888	0.26803764377831996	0.1021261763680725
282	0.0011376564277588168	0.14448236632536973	0.02844141069397042	0.5745164960182025	0.2514220705346985
283	0.060092449922958396	0.08782742681047766	0.3713405238828968	0.01386748844375963	0.46687211093990755
284	0.2727272727272727	0.46201743462017436	0.043586550435865505	0.20049813200498132	0.021170610211706103
285	0.02062975027144408	0.014115092290988056	0.003257328990228013	0.9435396308360477	0.018458197611292075
286	0.09734513274336283	0.4336283185840708	0.34513274336283184	0.02654867256637168	0.09734513274336283
287	0.0379746835443038	0.012658227848101266	0.012658227848101266	0.08860759493670886	0.8481012658227848
288	0.0035335689045936395	0.0035335689045936395	0.16607773851590105	0.30742049469964666	0.519434628975265
289	0.5575221238938053	0.4088495575221239	0.01592920353982301	0.008849557522123894	0.008849557522123894
290	0.05708245243128964	0.7773079633544749	0.11064129668780831	0.052854122621564484	0.0021141649048625794
291	0.5903614457831325	0.20481927710843373	0.03614457831325301	0.012048192771084338	0.1566265060240964
292	0.15768854064642507	0.2732615083251714	0.23996082272282077	0.014691478942213516	0.3143976493633692
293	0.2619164619164619	0.008353808353808353	0.08402948402948403	0.23636363636363636	0.4093366093366093
294	0.2409867172675522	0.3396584440227704	0.1347248576850095	0.21821631878557876	0.06641366223908918
295	0.002352941176470588	0.6705882352941176	0.08705882352941176	0.14352941176470588	0.09647058823529411
296	0.0030959752321981426	0.02786377708978328	0.09597523219814241	0.8699690402476781	0.0030959752321981426
297	6.540222367560497E-4	0.368214519293656	6.540222367560497E-4	0.26880313930673644	0.3616742969260955
298	0.28853018780071393	0.15815613844482385	0.4294583268663666	0.0017072792177557038	0.12214806767033991
299	0.0015082956259426848	0.0015082956259426848	0.0015082956259426848	0.7164404223227753	0.2790346907993967
300	0.23093801426220514	5.485463521667581E-4	0.022490400438837082	0.3033461327482172	0.4426769061985738
301	0.029239766081871343	0.3567251461988304	0.391812865497076	0.1111111111111111	0.1111111111111111
302	0.5388967468175389	0.0014144271570014145	0.1966053748231966	0.0014144271570014145	0.26166902404526166
303	0.1252295262578039	0.03929489533602644	0.15313991920675726	0.011384502387073081	0.6709511568123393
304	0.002221673660824488	0.0032090841767464825	0.21550234509997532	0.4189089113799062	0.36015798568254753
305	0.36291240045506257	0.5995449374288965	0.0011376564277588168	0.01478953356086462	0.02161547212741752
306	0.4503464203233256	0.0023094688221709007	0.006928406466512702	0.5196304849884527	0.020785219399538105
307	0.295284355393645	0.04553734061930783	0.015179113539769277	0.6021048370775147	0.04189435336976321
308	0.6109422492401215	0.08206686930091185	0.13069908814589665	0.17325227963525835	0.00303951367781155
309	0.07692307692307693	0.07692307692307693	0.8153846153846154	0.015384615384615385	0.015384615384615385
310	0.6216216216216216	0.08108108108108109	0.02702702702702703	0.24324324324324326	0.02702702702702703
311	0.001095290251916758	0.006206644760861628	0.06900328587075576	0.3523183643665571	0.5713764147499087
312	0.43768115942028984	0.09565217391304348	0.002898550724637681	0.4608695652173913	0.002898550724637681
313	0.25252525252525254	0.013389711064129669	0.11580925534413906	0.06553911205073996	0.5527366690157388
314	0.14830157415078707	0.020712510356255178	0.22618061309030654	0.1499585749792875	0.45484672742336374
315	0.08037121344773245	0.13395202241288742	0.10453510768691998	0.2813867974085099	0.39975485904395025
316	0.05116279069767442	0.004651162790697674	0.9162790697674419	0.013953488372093023	0.013953488372093023
317	0.7410071942446043	0.007194244604316547	0.20863309352517986	0.02158273381294964	0.02158273381294964
318	0.0034602076124567475	0.08419838523644751	0.31718569780853517	0.5847750865051903	0.010380622837370242
319	0.013215859030837005	0.2845814977973568	0.03436123348017621	0.23700440528634362	0.43083700440528633
320	0.550561797752809	0.056179775280898875	0.3258426966292135	0.003745318352059925	0.06367041198501873
321	0.029991431019708654	0.016281062553556127	0.5269922879177378	0.31276778063410454	0.11396743787489289
322	0.5135135135135135	0.24324324324324326	0.02702702702702703	0.1891891891891892	0.02702702702702703
323	0.38131699846860645	0.0015313935681470138	0.007656967840735069	0.6018376722817764	0.007656967840735069
324	0.1607843137254902	0.36209150326797385	0.00392156862745098	0.1738562091503268	0.29934640522875816
325	0.014233428222854819	0.0020333468889792597	0.6250508336722245	0.2907686051240342	0.06791378609190728
326	0.27093282394141993	3.183699458771092E-4	0.30340655842088504	0.1977077363896848	0.22763451130213308
327	0.11627906976744186	0.007751937984496124	0.007751937984496124	0.023255813953488372	0.8449612403100775
328	0.967654986522911	0.0026954177897574125	0.0026954177897574125	0.0026954177897574125	0.02425876010781671
329	0.011164274322169059	0.26953748006379585	0.001594896331738437	0.5406698564593302	0.17703349282296652
330	0.003257328990228013	0.02280130293159609	0.6482084690553745	0.2703583061889251	0.05537459283387622
331	0.1861257355218334	0.02446577887890988	0.07215856302260762	0.17559615980179621	0.5416537627748529
332	0.003963011889035667	0.7120211360634082	0.001321003963011889	0.05151915455746367	0.2311756935270806
333	0.18309859154929578	0.1643192488262911	0.13615023474178403	0.023474178403755867	0.49295774647887325
334	0.04209328782707622	0.40841865756541523	0.4311717861205916	0.005688282138794084	0.11262798634812286
335	0.002012072434607646	0.7344064386317908	0.13480885311871227	0.1267605633802817	0.002012072434607646
336	0.31620111731843575	0.35195530726256985	0.0011173184357541898	0.293854748603352	0.03687150837988827
337	0.11891279728199321	0.0033975084937712344	0.26613816534541335	0.06002265005662514	0.551528878822197
338	0.7248677248677249	0.047619047619047616	0.005291005291005291	0.005291005291005291	0.21693121693121692
339	0.014492753623188406	0.2753623188405797	0.014492753623188406	0.6811594202898551	0.014492753623188406
340	0.20316622691292877	0.3720316622691293	0.013192612137203167	0.40369393139841686	0.0079155672823219
341	0.5527426160337553	0.42334739803094235	0.01828410689170183	0.004219409282700422	0.0014064697609001407
342	0.09531013615733737	0.4947049924357035	0.01664145234493192	0.3918305597579425	0.0015128593040847202
343	0.059013221541438246	0.10609480812641084	0.24089003547242824	0.07836181876813932	0.5156401160915833
344	0.7535545023696683	0.014218009478672985	0.22274881516587677	0.004739336492890996	0.004739336492890996
345	0.07764705882352942	0.1388235294117647	0.04941176470588235	0.3035294117647059	0.43058823529411766
346	0.07028360049321825	0.7459926017262639	0.011097410604192354	0.16399506781750925	0.008631319358816275
347	0.031082529474812434	0.1832797427652733	0.5348338692390139	0.0010718113612004287	0.2497320471596999
348	6.131207847946045E-4	0.23482526057633354	0.30717351318209685	6.131207847946045E-4	0.45677498467198036
349	0.19957424161788184	0.3230441724321448	0.29536987759446515	0.08142629058009579	0.10058541777541245
350	0.4224343675417661	0.01766109785202864	0.3116945107398568	0.002386634844868735	0.2458233890214797
351	0.15151515151515152	0.030303030303030304	0.030303030303030304	0.696969696969697	0.09090909090909091
352	0.25333333333333335	0.14666666666666667	0.013333333333333334	0.14666666666666667	0.44
353	0.26182380216383305	0.08686244204018548	0.19505409582689334	0.04296754250386399	0.4132921174652241
354	0.013563501849568433	0.16892725030826142	0.279901356350185	0.5363748458692972	0.0012330456226880395
355	0.28663048840651206	0.005426739023186976	0.4070054267390232	0.02220029600394672	0.27873704982733105
356	0.054945054945054944	0.009942438513867086	0.10413396127681843	5.232862375719519E-4	0.8304552590266876
357	0.01107011070110701	0.3010015814443859	0.5318924617817606	0.1555086979441223	5.271481286241434E-4
358	0.9037593984962407	0.0015037593984962407	0.007518796992481203	0.08571428571428572	0.0015037593984962407
359	0.18739054290718038	0.11033274956217162	0.01576182136602452	0.005253940455341506	0.681260945709282
360	0.04665314401622718	0.5862068965517241	0.002028397565922921	0.3630831643002028	0.002028397565922921
361	0.03380174705658944	0.13406760349411317	0.17736422331940752	0.2631978731484998	0.39156855298139004
362	0.02834008097165992	0.02834008097165992	0.9109311740890689	0.004048582995951417	0.02834008097165992
363	0.08860759493670886	0.0379746835443038	0.21518987341772153	0.6455696202531646	0.012658227848101266
364	0.04108610217934977	0.12111468381564845	0.002500893176134334	0.28474455162558054	0.5505537692032869
365	0.0033222591362126247	0.5282392026578073	0.42857142857142855	0.009966777408637873	0.029900332225913623
366	0.005751848808545604	0.16023007395234182	8.216926869350862E-4	0.10271158586688578	0.7304847986852917
367	0.008695652173913044	0.008695652173913044	0.4782608695652174	0.1826086956521739	0.3217391304347826
368	0.2112676056338028	0.014084507042253521	0.014084507042253521	0.5774647887323944	0.18309859154929578
369	0.04477611940298507	0.7611940298507462	0.014925373134328358	0.04477611940298507	0.13432835820895522
370	0.005076142131979695	0.3299492385786802	0.6040609137055838	0.025380710659898477	0.03553299492385787
371	0.016317016317016316	0.7948717948717948	0.002331002331002331	0.016317016317016316	0.17016317016317017
372	0.09697933227344992	0.39268680445151033	0.17647058823529413	0.3036565977742448	0.030206677265500796
373	0.2132750192950862	2.572678157962439E-4	2.572678157962439E-4	0.6156418832004116	0.1705685618729097
374	0.2732824427480916	0.6305343511450382	0.04732824427480916	0.04732824427480916	0.0015267175572519084
375	0.002421307506053269	0.3268765133171913	0.002421307506053269	0.007263922518159807	0.6610169491525424
376	0.2171344165435746	0.5155096011816839	0.01624815361890694	0.08714918759231906	0.16395864106351551
377	0.004081632653061225	0.044897959183673466	0.1836734693877551	0.7387755102040816	0.02857142857142857
378	0.06666666666666667	0.5407407407407407	0.007407407407407408	0.31851851851851853	0.06666666666666667
379	0.08271908271908272	0.7805077805077805	0.04668304668304668	0.004095004095004095	0.085995085995086
380	0.09316770186335403	0.08074534161490683	0.006211180124223602	0.8136645962732919	0.006211180124223602
